77752583365279937080
20887190797232681104
72165188938130905604
90866144371198760658
02919988350916903422
55392631771597599764
49550330675585226624
06225853924870530805
45004608150343067366
48989235915061477807
56226729161461169155
75603822295538300581
95751438369512790568
77688860873256770977
96312899137555953344
92481541528330260976
12611724903646686607
94751538657086914639
70270836907329599286
30506456198359595024
11805196339288335553
19985332139108285021
22255452302987316722
33344501006845105281
84114863284688989381
34282596554398944531
01308207484057784746
59534870939060393870
69256668612423923599
92624935203585964843
45558775371201262144
20349664752811223136
30586507346473664226
28895321827878582028
76851736898207096500
39358198278917770835
29293725970133756282
44056099092323314368
65779507577179371553
07080051969106330379
28429117173947407126
44485867465223298750
90733645316169508604
34019280338289660167
89127260399648051391
29705862467520475118
63934445357382176499
86588705208067313744
09600672061426378264
24740264627096056195
63064712599601129675
06367581278345226365
42620315563357892061
33422353912288922528
15116484480187987191
49641716522704184575
96482635519008252397
05980517355450877487
80252708908918762602
38446011456858428381
67630153106952947614
58420945023221852570
55539433353789392203
23749523603831365748
58968824651617022506
48311134347331546880
84425495374838957712
13711974440739418274
23287859093271585924
10786004411626047251
10918327869242291859
37458277411869702770
10076324445498965720
60383947614162792165
36783608967765065540
18500517749627991553
49160155224316093958
54433471075817425051
61867809795557280487
77371107069529596144
97788644689218547441
13068799980361330320
02802272569603610500
41524173050743945527
49970462084370613415
95384682062719687315
51717457067978259416
50882457953824497259
42594028248792205741
36245953080457826667
91364305766838984711
84524769511808831429
86869123103151664132
58570015537333293991
03986747580183219979
25873377933712461373
49933948886798196197
56862127163238447286
85028531773704055373
29610318895128759439
58432945254495693551
12024757476088336452
35305117932432560151
72566073584155937950
18333492396853880370
72462957426667597421
65472572590447935620
94920949824570401860
26503674717279639947
59011449674880459332
60432504294839648615
35214508252198290817
81558955892530493958
76682023384174617772
30710468719294670063
19610069867017688347
63458723297015447746
19003456173813889863
93864679141720639074
31294997865985679087
88575708310196438316
25872491883664823761
82478280563475545452
45282710973821212829
29536955717948908320
55937740681665021030
89487066318949268039
00385704329040083586
73548945010888900928
30821804458106761376
55522363201423804670
35746836073161821077
48795249075988901105
75995435326792334499
20139019825820750479
23359827117685217795
19011283128319803419
31972480999151265819
94099809259061056321
79444734930479513616
01854756007928752194
89233564165887100602
86951057382066749287
33001503490055926715
49701017490116002015
54622648547973791699
01356644713117146909
57819148241952600748
25665623385722386177
85131283704161213948
37166152923357509605
67766900009226409374
77964949247925117443
18546501493584942837
48838612475516425096
05948943605537035307
89485138800574651612
91144806176909770071
70703428390600536065
29904333922982936876
68432860248250891579
96570122217777923538
64029813685555933945
16548420767990772199
85631359099364998083
05057036172002400466
75816748842944874221
33566646162024728112
63006838367299926124
89901622231545927632
76492299445964167420
83847213147183470336
24952180709143884300
57487258967865303549
14287382854239432034
13158513160600503563
74742612204546610563
36377744388045030175
32897482775666395986
85804880739427162975
38623100573232812970
16585880340680792886
34651858048880601128
82379813909459916146
38996214172333904168
63089668773253735200
36155674821452254206
87845584310701780072
66867014566697773686
05114025012059337467
13922670743421135251
62341710343203222696
84153391061547701531
46473512002256343047
49191765526976766389
22063117064003928222
25443225624081189299
94506666088737501185
19778163302509544054
74149581345374692722
59150806225439727384
86082746039164308659
15476577564692113019
90720881780251679963
38824938934051395497
81794278681957548217
14789862786225815975
95994741627622393400
70977698040965563859
80897570131985294754
07145081187972157698
97901407497624907556
12991582127747398254
33558018652224281368
31765422345031154517
72565667182445362689
83047731586172073054
57264209678966475890
18549492021899043818
50310547076618806101
27306980722840052470
20670129071890656677
12653577613299540363
78660754302186781025
83004962342555737899
53973486829948128135
37271085826492063515
09088197014406283445
98023673245868929679
38139289201072595299
31606977241374489949
65724166809979831695
25847438667762656787
29874505239386195291
23024766636469591187
90911084814274835118
33333804395817992156
08740796108678252459
63239549699765244137
88177658910105121807
24974929094476319842
75095057832576430613
16915077275218023651
33937670479943051062
42824522760667340385
07711318694973608817
40076111307032780788
49948168436012372033
96130921311085463972
16314703086907638028
92030824664660656234
26398663422482818076
97254622898388775655
80631034468623256405
10388447558402462237
48822051605715802509
36597229209734075625
29898038470803946149
46780586134648185444
21937882936380602102
44057754000904026879
56326680949129299704
41087112890552583744
88047040480755556545
97967752931530991471
19174020673163039148
92162029414190466120
57939135964961875877
17807086938749856667
50973407469967359131
20961661530488845906
51450131423624029585
52018133852156046589
39283072419797455536
34898615833513691219
24924084373027594994
51623412155254602911
89630952396930642271
63750221765715523244
61685016127745430056
16151001649397635383
83102228332647503920
80193915811960181544
47792438541815266260
04495274024766381442
71523103479773071388
13061768253513527626
03010053426175654713
88527895274316439961
29190881155509878161
47245604585650774061
49591949082458740160
63865019224776299163
78267116406403145072
18178204175431597555
77175780033953212015
38144340005719226133
51405073275152783749
22839362592985092690
36854554687019100774
73118172155079648903
16724689472572500815
64199234986772866263
82277712679427167397
17321657780857489904
36866568067549681181
20943480593523337446
24868440049232246363
33015634305788465259
49039500548222176325
99526837318913463723
28201845182835840738
36108557785071139970
19966915290239061639
89202140316386854209
85587381101821281863
97009730999758927867
97050423236989202082
38695872451948113868
77088410016749367067
06214425151770294213
44750751593602320219
27209554493422992442
39579378716116237288
72505425020637922917
50190027903448905705
80606713098779052193
94559711618695830514
11710806225350262592
95731581650102672298
83663652197612462989
71656364429928206078
65968401299214832251
18018506543735254367
41164570747170064370
12053706738227249132
08466647644737934240
87713679214892112143
77224545516689827746
29532024563735364641
64386078798505393547
77025658077357235495
52466678921065491617
70445901809877674229
72128978362895686732
41195129785086885571
47651439291854818735
94900672134892908457
56256007011708254352
30263739538170238202
89388201095202267018
36094881436470190037
32371215820947157022
27210371771744007504
22418099033969053140
04756942107323308172
76697309097639256497
50325575464862514842
75707332392440431572
69725868271295979287
03404103634733435411
64211274991911585606
34701171208278492864
95585677001475050169
68555032813825806273
50823590012474796714
10827460702322107962
70340948233588384042
46978889250278960733
70386064695721588608
58810573071749803449
62860481320221286446
38738234523877835224
50325279618396845937
26425993489233182458
11368600584592196060
34860414912127698587
42304023426689669222
30140343886776149830
44717901491539467743
00232358702619558436
44236533060914808124
03572348539701164881
95316543317842585060
71634092978110345986
63455427484169574788
53646031826488924352
82363581444098906082
55381190886444836737
73109587224510464775
40418528759998788948
60062528943556764853
55094700320576664608
47415725257673616249
18334524377358586299
46565706425187690945
40710525509413893450
40626088668958012497
36745326041270624560
85231244669354554083
51690427411663918267
32698438655918962732
42247217217093714935
48315402902886891210
34256133170944915499
53505893007537686437
91575503476624667811
53184721583130248187
64342900475723309617
53814426239440271421
04454425450762330357
88292287198400981282
30600798940566703401
76591109272659774527
94404072875980497162
19102271464450132427
03736766488996780615
38216336774166074250
30642257493211711486
60421583550952130957
52629643746151497183
26670324196272457046
78785860188323527990
31941613327873204743
62351763323018150475
85339336367835900150
92411279627053739818
78361529366950667832
78471108182456073438
88158892192363884678
27682233485090672577
73463455670749329013
88595893441371237097
92362074186124728477
50719196500079671539
00741861672905516690
39113692692066272674
28275942594871678186
04701358162706163826
46957255998810925014
23033816723265241801
77714393311430281753
57205883949222797049
14181889913203844291
29969507407280647840
16259311173303023273
12522501717000985980
06705060863972134454
80569254804355734584
22739241719738295531
15430104360502143180
36881581692283085363
71479893708802671063
69371218364606655263
75061515794853787819
21405261639925384405
35614360987399157759
72069560520118306776
59698643893306101422
56720553716752846971
70927013682724271206
36947265335108372476
87282730627708943284
96748913906715363970
50247361452927396311
31172360455947579304
37348875412798793372
75317164913377174474
04587301916399060149
81994096235323491881
99132049952262100754
98142700957588246774
68795579376517175943
09198985196070937654
27885609920890045726
09704514860007684827
09015348488229484350
13904989367218535206
14613481277123598617
37357558904817341158
00181767044661293045
82225325578885767349
44310539643259704998
20222386453375244804
55305027721021535329
36028712892036747525
54522403142407571335
08708232565364163389
86882637703467901197
23729587491578002455
57621644799988759232
21182999496569036744
52004995195554398781
65403059355952603466
87312944252782316770
22844911190800246445
66659283917672812039
26737861268343938835
00975980257428776556
93145837631836444118
